30465.502317328082
29204.111302338926
26983.34480110663
28102.885871588664
26605.90586879827
26288.491073338966
24995.659319621882
25076.133720260408
24995.659319621882
24995.65931962193
24995.659319621882
24995.65931962193
24995.659319621882
24995.65931962193
24995.659319621882
24995.65931962193
24995.659319621882
24995.65931962193
24995.659319621882
24995.65931962193
24995.659319621882
24995.65931962193
24995.659319621882
24995.65931962193
24995.659319621882
24995.65931962193
24995.659319621882
24995.65931962193
24995.659319621882
24995.65931962193
24995.659319621882
24995.65931962193
24995.659319621882
24995.65931962193
24995.659319621882
24995.65931962193
24995.659319621882
24995.65931962193
24995.659319621882
24995.65931962193
24995.659319621882
24995.65931962193
24995.659319621882
24995.65931962193
24995.659319621882
24995.65931962193
24995.659319621882
24995.65931962193
24995.659319621882
24995.65931962193
24995.659319621882
24995.65931962193
24995.659319621882
24995.65931962193
24995.659319621882
24995.65931962193
24995.659319621882
24995.65931962193
24995.659319621882
24995.65931962193
24995.659319621882
24995.65931962193
24995.659319621882
24995.65931962193
24995.659319621882
24995.65931962193
24995.659319621882
24995.65931962193
24995.659319621882
24995.65931962193
24995.659319621882
24995.65931962193
24995.659319621882
24995.65931962193
24995.659319621882
24995.65931962193
24995.659319621882
24995.65931962193
24995.659319621882
24995.65931962193
24995.659319621882
24995.65931962193
24995.659319621882
24995.65931962193
24995.659319621882
24995.65931962193
24995.659319621882
24995.65931962193
24995.659319621882
24995.65931962193
24995.659319621882
24995.65931962193
24995.659319621882
24995.65931962193
24995.659319621882
24995.65931962193
24995.659319621882
24995.65931962193
24995.659319621882
24995.65931962193
