29632.53574910026
28513.926696782943
24577.597539250375
26453.934191927594
22787.533885941877
24559.41514609817
23235.820824523787
23408.618408291713
22170.091334595305
23034.49605462695
23570.80092603733
22591.68837260671
21445.155284813307
22181.747828375366
21477.524301672547
21716.582699525563
20340.0625792804
21261.550215543477
20153.956233844816
20962.859963990602
19121.145569304135
20817.28002836268
21963.39184741437
20679.706041231148
19972.749379446643
20279.79020718477
21263.565019857233
19971.91202247803
18680.08876211739
19827.136177617092
17462.757424235093
19322.866683415898
19303.28221522936
18777.11411473615
16838.651392418287
18110.404236410806
17250.228326084667
17614.48923600382
16939.802475749166
17746.083951372533
16623.131515732395
17653.208874259388
18693.196979403234
17677.883792513596
16757.569688891763
17684.166420118072
17316.596207824747
17263.105257123385
16564.88814014637
17070.402301720438
17070.29253296944
17152.10911407099
16845.14727524582
17260.416809811755
17053.538745270875
17322.86166889483
17342.999852785335
17116.74878310432
16751.441485988496
16727.536143777055
15341.419904463926
16782.39227886717
15902.861106941593
17137.661530453708
16371.864377916603
16770.377198745202
16379.417310755123
16713.49429551899
15975.313808769637
16522.167358357437
15498.352938964375
16510.046319052013
15196.725006833387
16387.25890172924
15625.442243581027
16734.563235116268
16665.50875665443
17088.49941801585
17789.262523197984
17232.526149796395
16126.858412807676
17505.67022506465
16918.029099078223
17196.262005283457
16194.261121974332
17579.560237603517
16734.242743357223
18024.313546973775
20270.235843569604
17637.196430699765
16065.488087474008
17525.168222770597
17842.368970442723
17796.217796404486
16005.93528557956
17600.02795124029
17208.78613136937
17581.151043006874
17045.1172875813
17645.52784069479
19145.862397157154
17440.31429194985
18916.312934452577
17356.122511369515
16345.880798249955
17323.49080243991
15982.924500865447
17230.212266768078
15748.347658140536
17163.319654503615
15646.00628668709
17307.405189712197
16550.32055192072
17497.23725646314
19196.04027801364
17444.97957677039
17341.5264612357
17320.166713980994
17871.342529216734
17505.285487148158
17601.257201572138
17586.974927813335
19490.804218885667
17436.755361378688
16392.536150197
17366.29215451442
20125.33034953038
17518.33054304008
16131.824242757903
17379.476945970804
15674.128357611335
17421.68282980846
18414.151382672113
17368.993243655972
20293.327655433503
17308.84914752219
17475.701000546225
17438.028797952153
17370.735044070934
17428.58707144429
16450.70148257301
17442.541075113633
16157.465839642893
17428.950494367524
17080.534134139947
17474.589310719817
17169.210945097373
17429.817724601835
16240.262000231758
17173.091890082887
19507.62926994088
17347.08858217503
17236.518922120118
17030.705482018308
17304.21679705182
16953.16141908288
16399.685609326913
16920.48572721606
16838.192143323417
17128.05895589136
17690.71404257774
17223.647182535573
16182.284478906126
16792.48533074966
15553.52589158925
16920.125483161737
15075.772080499863
16686.72662707132
16765.86931496553
16827.507586973814
15942.634110805853
16603.819636262873
17026.551295284145
16795.175655344945
15181.974857251733
16836.599631752335
15999.75047597867
16838.22245323859
18991.160202955456
16894.390256967556
17351.22337925985
16935.3797963548
16434.64466404324
16725.16017228062
16243.420018746156
17122.59134417233
17859.13177501237
17051.579973360476
16470.86815447205
16979.781863135835
19767.722947194416
17049.914930430587
16884.069395914034
17239.55633722667
16338.213287204175
17261.126411912686
15846.020737448025
16867.249528466335
15846.020737448025
17083.345798516486
