28456.58000517829
28765.420890423426
27662.878135493615
26787.794130172715
27394.772657752186
25721.237748014362
24779.72166653058
24729.27995661831
24874.108394498184
24059.42720918317
22997.968406732994
23530.550622066632
22269.518509171736
23043.14834697723
22201.53378123184
22688.902625988216
22956.868494572536
22407.627287257998
20588.81505516662
21965.97867616866
20209.27500535486
21237.192278940613
19848.63232978331
21046.603880767525
19511.320072313174
20855.40833462195
19519.800576386082
20519.255334401503
21371.130453975882
20171.07029574869
19209.524084880497
19893.64306734482
18567.821311339303
19757.247898352834
17758.872435392303
19571.24875400827
19159.006781020275
19413.983535816333
19139.431733171747
19085.78974548011
18306.506816535224
18639.606699841293
18064.85764312656
18509.785073778014
18768.590107018703
18466.96207009037
17781.935011069734
18294.614841723687
17077.44350681151
18315.231713092435
16375.320160304977
18202.61546289017
18693.097301250138
17881.391099833665
16526.401706257537
17985.457390872856
17913.44130733605
17602.199787733356
17917.75576773002
17329.108622193013
17629.744658416308
17089.654645643623
19541.863672679046
17315.347941546406
16315.015139963098
17443.108621724044
15971.910104986928
17696.87849116633
17599.713544815997
17789.355793861774
16769.131844341686
17617.99313505661
18469.651736674765
17388.175005920002
21790.65141456381
17740.960747613975
18012.189629845823
17748.189248549897
16500.95095229941
17953.060990300182
16565.963979740627
17568.689185057232
17435.727526078565
17655.5092069712
19870.822330972303
17448.12556690368
21017.86099201677
17580.944027705435
18373.246135552807
17448.708932346577
17181.61005214922
17550.991796823964
18385.40481523269
17592.215337745427
18891.951881555586
17691.469028464926
17973.41735177541
17762.297106657516
17427.28627262893
17688.580864935462
16803.100517664538
17576.45031358553
17228.92799441521
17719.45208103936
15877.958693108092
17661.835910010413
17778.110995498217
17671.284906104942
16018.601407847571
17231.6718866993
17656.251400177516
17264.76974347779
16735.652447800974
17586.79700311555
18941.36099617988
17570.601469314206
17636.296891178335
17217.91226388667
18225.27381556355
17409.314561645642
18669.38281762871
17092.284043515534
15322.911006824976
16805.78998551421
19026.956184367384
16802.15317856363
15927.587964763103
16826.535171336982
16169.127309853595
16635.261776578584
16100.176775981878
16797.19691158138
15909.480956244544
16853.377096251632
16762.01055983218
17072.9681829972
15532.303564664342
16846.107090627447
16285.511906815049
16678.37627048517
16719.229320687653
16659.21970952583
16023.250925448758
16768.90891606421
15456.196063929796
16772.35711344177
16211.654103406801
16804.03010006036
15676.113474026666
17095.84025706404
16742.515545466547
16779.28340745063
16755.520040742893
16937.796909708544
18070.51964764889
16467.604834165202
17731.32212991458
16539.54249873619
16405.231152979337
16699.0460952504
15901.054485477167
17142.93982127852
16216.97692889984
17154.044690266688
16912.910486419845
17286.086467079887
17903.83201927438
17272.976930329998
17714.421400808937
17523.4153670399
17407.832228158994
17617.146904237798
18432.53154458085
17195.912856186173
17229.346575612624
17021.69725997632
16939.639483682713
16957.18118412163
15943.194742307722
16818.195666891992
17025.619808483618
17180.387859937062
18361.26865904362
17382.157366543623
16608.874498255565
17057.8977635863
17054.98791446576
17014.39195497614
17410.142686709318
17377.616057114712
19755.726657771207
17512.653708390164
15974.352220503124
17457.18095727592
19206.944583380086
17232.200291100453
16707.52033695942
17438.842736926497
17318.681943781146
17158.649523741442
