28394.057293558657
28650.56185999535
24990.914846312495
27271.723691142757
27703.971580715544
26234.388718499224
23318.502764115772
24714.6295297788
23455.236814746677
23862.17689275879
23479.947282541678
23392.543614870003
20787.775159476852
22963.986876667404
22717.53964003704
22185.15237906915
22418.079161405563
21756.0213058173
20685.365258840648
21396.53345011807
20086.733225118947
20996.37901529927
20248.529369508524
20598.515469758757
21055.311033442333
20630.6437183618
19421.673735340362
20409.4703467691
19960.020494422046
20447.232201533407
19257.38447536252
19819.262255246667
18953.97467263678
19984.255954461394
19883.21652859142
19748.579320018744
17871.468699819623
19561.66827353749
18336.16687647649
19142.711353297716
20239.636611422546
19092.94439716045
19695.840594398902
18921.984776226025
17641.084435405635
18793.132652790817
20929.95553856751
18810.97468170801
19128.695166523023
18589.03287823923
19933.603891627
18262.206951895238
17013.922491977642
18307.261696510515
17582.734966535558
18219.265640034097
17485.694054781412
18301.012242680452
16888.00787897384
18448.920011748545
18426.771072286683
18407.45245199286
20605.385836485984
18240.582715048167
17175.903581891795
18204.943948709177
19629.102549086285
18350.80833774552
17456.940133408018
18375.681049940384
19558.07974214909
18404.31549930379
19745.28186875618
18217.23909404151
19524.70885437912
18216.165711830916
18833.62704538088
17976.898240466115
17965.02412638491
18025.97543856064
19468.98260591446
17752.14903386477
19572.641237600856
17583.92697796207
18819.93943753796
17505.301374126724
16796.496251120872
17533.63481408639
17270.7513042554
17219.006919316824
18042.610886649432
17125.92600252888
19792.35614691062
17013.097295562315
16719.804227712666
16892.45604121473
18121.51547871256
16926.72714455399
16189.174439247776
16925.37825257854
15556.784069993131
16689.261608292683
16379.230054785221
16533.656971477987
15758.072354698503
16224.023165508512
16607.257577720575
16370.020783922188
16048.748373064624
16409.95025951669
15896.672351107756
16418.942759162524
15648.648175638726
16253.95350114606
16078.215139307578
16431.890395115628
15909.191100727936
16688.374136993498
16148.89676195415
16964.081018320587
15924.469896046026
16975.654963663503
16261.825533382167
16926.103973198657
16918.837785267388
16926.346508278923
16766.51733120925
17195.97739044456
18509.868013948093
16895.686446319003
16352.578163720753
16853.71330032011
15637.56646100563
16895.951032836863
18058.703228189297
16826.621904052565
17464.8432922089
16562.265023295302
14927.89425618748
16470.324990128793
18056.887267046146
16549.477306996625
18970.51666533904
16772.283559491498
16686.374082889968
16760.489105506822
17474.16147315286
17075.413386271754
16968.321470778174
17219.77662021391
15938.732311636557
17135.604942855785
16789.28852360915
17216.926212864575
19295.414634624194
17138.65385689097
17886.279197831995
17234.560293307826
16276.59415984143
17660.489216953858
17886.094641489406
17597.359912770182
17490.515882951673
17629.880314511385
18487.427342429608
17419.811998460962
17712.80238601953
17397.530660803142
16373.576665592062
17280.247099033728
16796.265603379143
16806.173026650828
15427.905109702026
16573.92649611667
16227.283961916146
16279.74324801372
14802.341818576135
16467.135551631553
16130.083022353392
16483.082990972063
18229.518821785598
16538.734909309504
17134.49937519563
16344.325756445027
18009.974518044026
16444.466108655874
15639.393624684826
16653.415967076082
17510.94914380799
16761.679193659522
16628.131069675994
16921.52010263093
17060.912863682588
17052.331353480407
16258.253509993592
16934.649360908566
16442.030665139817
16781.90842676918
16171.415862939552
16961.189253880802
