28986.27339042855
28514.810661192485
24410.239178911826
26650.726841259482
24148.45032416675
25039.316654490092
23174.577140232755
24344.49823935545
24360.664290541266
23678.483069158694
23042.43029385889
23057.84883009926
21083.192421943757
22273.460474878568
21782.34991779907
21751.906906064836
20768.7901860721
21577.901581740774
21247.06788874369
21218.983189182687
22432.313819871357
20813.00689351456
20184.7632882906
20584.407693147623
20640.434110713097
20487.28593228631
18537.062671586915
19885.990840539227
19178.486541695835
19453.196859770254
18166.271273939165
19270.78264079204
18115.960666369174
19115.798324519223
19619.055597463586
18896.499635966647
16929.935130599562
18903.45896013098
18102.681497290374
18880.001931383697
20673.65257757895
18745.152240993277
17786.12355189347
18641.04887125943
16861.10363129059
18486.62026428753
17410.096214546516
18266.712503570667
16888.180499601298
17921.892307451366
20073.154290122435
17874.49391595814
16324.930457644648
17656.574318833544
16365.76013985844
17458.6708174341
16447.663531709728
17157.92860777639
18084.327949541173
17359.702975989552
17486.909172826578
17512.358481589952
17328.493196742136
17675.978629000205
17532.74875736336
17525.884059404816
17540.9313754748
17771.473735984917
16629.816949597414
17463.928406599323
16821.451604984355
17176.89471296958
19183.383843762567
17613.260067626237
18182.717488670543
17573.75626018545
18054.674584483928
17474.171408670605
17903.571376954213
17407.03208884898
19668.529374254882
17445.911366622167
17252.867015727526
17148.59015552406
18421.498876313
17154.684310830125
16183.446852745748
17177.236019382442
17222.227815301227
16935.12306511438
17385.22192260025
16809.547937919895
15750.245724545888
17143.557997699783
16108.293843581045
16973.784673030503
16427.92913337008
17170.073917285164
18142.41067677822
17104.292692546962
16087.050344728954
17088.149444596176
17708.80257068031
17166.525279315203
16807.400660292336
17082.79511936235
18145.94477850592
17222.73121125117
19795.53334649298
17388.304013586716
18722.159637732846
17284.959752893592
18743.83156643586
17057.588245453506
15701.349561244135
16969.209670676537
15621.534139605976
16728.246684706766
16096.92262803866
17049.62388868394
21105.544604364637
17096.95589896064
17774.955869967765
16960.50015413074
16108.4452402423
17162.446996242135
16080.998805776608
16927.04878604403
15493.865952471371
16726.591119355526
16709.90350589719
16905.819177814778
16982.76415954958
16745.86067382101
16029.968848365912
17096.520064293247
16004.887068914572
17504.746104291356
15719.619188544117
17294.960039078753
17158.393799513153
16819.83904998838
15913.037663239913
16753.097189825698
17271.001503846008
17020.60502764943
16544.57349564733
16909.4574085354
17147.593744627877
16745.6152217291
16122.949396985478
16810.770064715056
19053.28647444322
17021.738049563322
17970.290151299763
17103.349134865883
16340.374702867708
16952.695563710913
16883.63122790246
16969.237648483377
18393.072684631865
17186.75145689906
16060.657901507455
17481.34747452316
17853.776279976082
17372.412257099986
15809.31131358751
17629.34816072761
17639.505655738918
17296.697470397616
15967.932863266751
17335.994152855288
17733.68380916727
17358.35870393635
16433.70612766777
17537.053464539982
16687.699545367734
17462.751446879123
17044.670618952212
17605.40118225411
17454.418690306236
17489.93434066844
17008.598385050947
17595.279241103897
16144.814217506144
17385.750703316928
15684.069556447857
17362.31486672071
16140.595337869769
17351.074438792868
16361.983950616615
17166.403110668183
17226.48365058139
17060.293977297366
16723.647837725413
17065.919984114156
16514.988534302942
17136.061541629304
16764.625903760734
17369.443962611207
