26328.88969703181
28207.68213171951
25000.594597490468
25781.959160235245
24167.13629191045
24793.762694806315
24390.618355307237
23892.176787641187
22513.728674126734
23171.08393490284
21673.870653038928
22538.034483547868
21721.303953797735
21530.333331568985
20042.087602841995
21007.817328997888
21567.648864255723
20548.674362302747
20264.66114137407
20503.093933601456
19501.583664467085
20179.46582797477
22409.71996820432
20081.344547208144
18841.24498463045
19879.709836496968
19574.320905777346
19866.538858345568
19817.510782237194
19686.921862480038
19013.02408781372
19923.028604193627
19112.411946201035
19628.525041108354
19482.791978308327
19484.083603938645
18574.02316983154
19411.33269982483
21801.0567286012
19426.950856749238
20294.06294205642
19425.500132468773
18634.81974062379
19199.27364208418
19217.370327173558
18878.07306549235
20641.668774313515
18922.798180150443
18789.581375267233
18942.899026253814
17989.83158192219
18662.951301274494
18004.118084106387
18588.738634127047
17742.403196715954
18741.827304625665
19377.40847804037
18857.52729933898
19445.931173269513
18829.86569973986
17951.897236332814
18837.433551773698
17928.200898132254
18804.738346567858
18815.96084164565
18413.842761850352
17313.03986723687
17984.225080855587
17894.279835370424
18231.71267329935
20953.47451999891
18284.086318334677
17067.763739992257
17976.50073737495
18585.130469944837
18280.393499416743
16541.858095240437
17845.448113843253
17639.780412169097
18032.420985404955
20669.505697439636
17985.284191093644
17371.145425368595
17823.912825573036
16551.043389000708
17826.082077382365
16578.60488812408
17776.431271533926
16648.324756244423
17678.65454503725
18334.05347975038
17873.558118349534
17902.695266804913
17865.2329611708
17021.851911731104
17939.3539290264
16331.797709802187
17390.10337112206
16095.914221951136
17666.193358299777
18710.065730312228
17622.361049436924
17080.447747053197
17609.73216294928
17382.981188078167
17552.582422781656
15535.281801372064
17688.567058827706
16943.968273920967
17261.694142242577
19984.324217583286
17309.955511762193
16295.555597195384
17170.091464696914
15762.537205542227
16987.812268492984
16089.464325472603
17010.251130553857
16448.118241277232
16885.751037443963
19496.40343446668
17121.853730541992
17419.584478381246
17504.546332080827
19096.729238431297
17402.237327497893
17457.623780111466
17628.105946194817
15698.69771325969
17517.913741835404
17732.251099350997
17642.323786543388
18127.788374813492
17723.852009264196
19686.662909232604
17515.677818925295
18027.727982292414
17355.07573322092
15985.35456528571
17113.420170771784
17103.447288098323
17168.523325239792
18889.617616357773
17255.94005642623
16996.74997470219
17048.743497809322
15568.08745503169
17041.484687475386
17127.56707887826
17377.14026168415
16607.019511114097
17489.524913153982
17373.915365869696
17676.92968074097
18001.456042596397
18017.356156944974
18428.3933687622
17842.655876772114
16747.82264376599
17560.079504507346
17048.668642432647
17230.870489683224
18615.829044988892
17034.070197914632
16884.366347773765
17279.538728944863
19836.077399371738
17430.284708760835
16030.454609442164
17300.535882830685
16183.788463491705
16962.0146987899
17061.298814622147
17181.253106992197
20020.270619067684
17068.234531667942
15429.300391446315
17179.9452543129
16486.2029396013
16829.53572649252
17791.846765837276
16805.38110143795
15056.332385936588
16813.091181097574
16047.88290145165
16815.60488743806
15297.802750517672
16692.8981124264
15644.045031885027
16551.1809303475
16640.301634215608
16911.276445859534
15722.665082545866
16903.550787231696
16353.443549670574
16725.7740809914
16092.208116685524
16708.057183881792
16304.877458533358
16490.29252456881
