29452.230697353585
28536.308033754107
25885.053912262705
26757.119434068456
25177.615522562344
24912.416363097465
23165.82931812353
23826.111674264426
23819.28533661252
23141.067460209193
22676.75662604322
22598.595310345096
24707.885451139027
22353.476878349422
20823.40326458336
22140.13165019112
21933.454985475157
21821.99338837607
21108.7258758298
21615.27569234671
22525.160813765575
21296.463168623108
21134.166235380708
20773.86244937747
20589.976077092662
20896.96189594372
22688.074960952104
20727.35430028593
19834.862381537263
20360.84978704634
19306.530683707057
20093.961178296602
21051.721035293536
20053.831434561864
20503.889279115345
19876.983992435133
20983.0526392989
19961.528327411164
20187.56202753179
19446.120150219096
19551.372565431535
19240.796743221395
20041.281839210045
18872.68872326616
17701.46564371681
18935.832565749202
20143.894732686793
18783.35955815491
18116.402604137813
18674.5464622531
18488.657693149245
18416.062689242615
17407.25787547106
18339.039019637417
17718.283198546887
18315.83201884912
18164.464686833366
18175.804896928596
17758.585172231702
17934.71121023145
16632.72360718797
18112.785198869886
19238.738210591597
18229.817519221928
17600.449522831135
18416.351143701122
18242.898134147134
17915.349078401596
18936.247817822154
17710.174373972834
19279.184715769734
17731.141475217875
19018.376727662864
17592.30891287032
17059.57524624875
17638.072325994377
16871.460912718532
17836.224562179912
17195.848839086695
17809.298840623687
16713.656068688968
17629.20868844241
17235.395639344697
17641.318433051332
17654.561425889002
17286.78946508106
16335.625877705908
17339.18554356429
16172.844697673603
17159.68222345115
18964.699680039368
17466.03316183912
17360.601823316974
17317.1303159447
15150.010311274675
16902.567115184414
18696.327983307856
17077.736957725963
19485.238824441683
17134.864717523727
15830.169146001384
16952.471903187175
16564.58015016061
17017.780903404622
15194.115112547293
16900.375830133664
16407.94557701255
16815.33424735518
19584.236520859562
16888.663994298036
19430.07074122235
16807.436350404074
17651.167705505803
16586.667410527858
17335.711728410908
17047.183169055737
15658.413634303091
16941.108318297225
15754.79573540679
16993.87446350392
16108.188891146596
16833.45938420824
16171.7010450794
17135.725635307437
17097.6408564787
17052.653766153457
16898.116412368734
17487.817786441363
18866.252328086335
17663.594410675323
18938.49058945353
17490.282108028005
18189.761091065822
16988.502295840986
16531.451414347728
17053.061278666562
18356.129716426076
17235.974389256546
16020.682308434463
17365.325451562094
18451.581016912376
17403.174233166603
19825.836116827508
17100.976995609213
17349.62234366901
16986.467876199164
18600.080484586142
16837.730602000516
16655.614074690708
17050.216928699418
20681.546752705595
17110.47756129939
15770.73984001159
17023.017169335457
15975.893177181273
16791.759526455528
17163.20225378034
16715.42681132421
16672.46633228526
16776.567312432016
16198.271874522992
16523.008097867893
15167.724465013669
16654.24619372889
17774.279849133065
16748.2966434778
15606.069421608616
16615.64398246009
15791.202892098052
16819.565577674857
18501.524612482528
17156.742047326934
16361.129266806314
16907.95163239297
17408.91919477905
16771.53863985195
14476.454519980734
16481.683773673183
16841.32169115895
16689.150395393677
15258.690559811137
16770.518402183232
16097.387368399914
16321.833878565743
15676.344634606694
16349.3597185052
18209.91622999841
16499.125653365863
16342.719195228916
16304.50363468098
16952.823310294316
16642.472905421168
18899.21729813308
16763.918188062165
19084.976382104694
16635.060972600448
21444.3312890144
16736.435410492675
17404.666146608743
16932.848140449285
