26049.726514356873
28329.362089059843
26346.431987960717
26199.741770195338
22997.919884368224
23879.553044946482
23437.79278714592
23292.927642097977
25103.807949681406
22970.220945774807
21993.141762620806
22001.855207555418
20465.79536121464
21299.187294491945
20622.276954890698
20807.107074966392
19552.82104724394
20391.72017281113
20029.253106418237
20014.287585767583
20930.864269525784
20115.655750113205
19985.835749251477
19869.353427131533
19727.93767951146
19293.13497783932
18723.124053869462
19328.636639932232
19320.223606005256
19219.28174156959
18531.30240748724
18962.28342367405
17733.14011045554
18615.459726280787
17807.145923110173
18546.88444693821
19269.502004644695
18841.818930994574
16863.52351105526
18521.11601275118
19178.75387213308
18445.411005323764
18113.222231433923
18413.378137593492
20701.674689980216
18244.287957509863
17533.94841680181
18166.73622519365
17096.822628733367
18167.71246492634
16971.690697526297
18027.977042048034
17428.500452622415
17727.247917866804
17179.344109980273
17767.005188743606
16193.90930571565
17643.063417462134
16638.268359266483
17653.97655462382
16606.860908153154
17581.402885805233
15992.615228716426
17658.29557960217
17577.143521783502
17403.727933204755
18454.350685609876
17673.9645237251
18803.606340581948
17670.9569347114
16830.561625068225
17843.329374236884
19134.139507650307
17767.135668074006
17257.07482831134
17322.033940713332
16722.745009633494
17312.295849451333
19199.304891568645
17915.07102330173
16435.158775830714
17626.018879855863
17173.264533536607
17551.010738335837
17209.375354479278
17498.210250403677
17095.842407960154
17726.677366037242
18401.25238506159
17364.849163668358
16459.63075603047
16919.303818712895
15673.549340671123
16717.874092864015
16447.15753537697
16858.105655000418
18408.095906242455
16990.938298558412
16654.094636401172
17465.550914706266
17097.46917814365
17493.837529780067
16128.113503794755
17625.212138473078
17533.64427873286
17576.94422808851
19108.637864561617
17529.520025046055
16549.268182297423
17659.754480855645
16708.27647554149
17486.863740415272
16967.676251852692
17406.692516024134
19622.63311370986
17170.760257006186
16176.137962355391
16995.76487725159
18490.436082673423
17216.92929541074
15468.496500350264
17056.351945692677
15153.361619697467
16813.79752488318
15532.362539375574
16609.043900699893
18842.720361881085
16590.17094859723
16198.567865480081
16516.8156225142
15309.251259967621
16563.766928103207
16412.94909762723
16517.23380795987
15173.245118772846
16449.159629141526
15996.736444787135
16341.243330559533
18133.771516861187
16358.477515570063
15829.66545374681
16718.859697950524
16320.361117909391
16726.529945029928
17468.551240757268
16790.44475010379
15377.323477430557
16834.285382651073
15670.91093496165
16511.885580822698
16762.536355800086
16750.480462727293
16561.2185899184
16411.183974121504
17453.354779304085
16275.712047264431
16504.88247745458
16419.685664744316
16751.887933232487
16745.185907267063
15670.347474538912
16710.85796557949
16018.854249568823
16401.636162133957
17584.705230832456
16497.044955793957
16133.525949160827
16618.062526605434
15792.542385776394
16721.233374058796
17425.27962386093
17000.209246144947
17746.717782964268
17125.476112941516
17299.633743672362
16911.702721348134
17724.289190972606
16844.53114204056
17588.10211313501
17129.793018241417
15815.165762246876
17036.709623020182
17737.174262022607
17159.186685778528
16772.39117232511
17085.807229048827
15777.880700387188
17140.285523235092
17579.921034816296
17456.29433054556
17057.776562690233
17572.96668923924
16820.35530421893
17344.431302851615
16692.374211267026
17484.41273085917
15824.671768067969
17464.025890668225
16512.424550980693
17058.35433156348
