32330.973091914373
29158.92034716917
27244.4460267341
28178.061301815786
25343.09415676224
27306.923675780607
23024.653646455736
25594.16195488297
25286.77189792145
25062.53389000173
24921.460767960525
24925.030040583326
23975.56697762872
24744.48609119236
22241.565990728624
24280.127265843807
25237.557556978216
24301.121050675618
23058.073140946322
23087.887663115496
23025.46964533365
22772.133171153833
23205.24022177023
22941.20975340796
22844.346854613035
23281.51817956059
24360.255162955356
23346.664045898895
23587.885994336197
23354.408852169792
26090.258238752423
22829.304971391968
22725.81901503483
22041.10899697187
19218.417525317058
21012.714346916797
22457.94707619419
21162.42864131933
19806.368647389456
21391.2339152295
19574.156294970606
21771.206072450288
22872.678682928476
22005.377942253002
20373.855314271186
21834.388583681313
19506.264358310982
21262.068111691395
22890.529158425186
21512.704566516648
21065.863630620574
21616.126243922823
22369.141859151685
21208.38544296817
21019.09951719318
21795.511937524694
19738.919806361562
21700.58995570088
21594.152623947157
21390.362060238975
22855.47037894549
21306.857640980295
21486.522219185706
20754.062422377334
20772.397970743124
20532.12090391506
19737.622731268548
21270.16078931687
19857.46516056425
20676.232654077663
22294.23466908116
20427.349661211138
20371.96480536523
20140.909260542645
22179.04295701223
20973.101112081422
21628.0150407617
21346.97325511641
21417.579534390057
21033.737012671703
21187.940367063846
20737.165383439118
17976.692451339357
20436.17948240564
21819.812957971455
20338.18201406348
20269.423428639802
20322.303975031988
21219.984478702172
20590.568956702904
21689.274596076386
20597.099196943767
22443.28513254966
20222.830419898055
19929.08808050329
20197.142900844607
19642.051678937336
20258.918695847
22882.59552672883
20658.004986166085
21538.09561380204
20657.564542001077
18691.97733616489
20511.906734467055
21929.086135613597
20750.87070145251
20774.650487315583
21104.299301648593
20313.50784580816
20398.17659901991
20781.893741467975
20347.512214756334
18975.9867773266
19882.409382764163
17073.254030851138
19360.39989524003
17971.485069668986
18896.255962229177
18851.84068039985
17988.899747904303
17781.17487691073
17871.36170355775
16234.383893265029
18031.55616590389
20494.932604181104
17900.561883025985
16763.617977625217
18341.2174107643
16754.158521874106
18239.363389822418
19159.6621531992
17690.40449228718
19401.634543308137
17778.26212185548
17923.15253104302
17434.145771961616
16080.303615287376
17882.024111591534
17193.909621254366
17954.468202482232
16446.591894842826
17856.096556031807
16842.69670331748
18123.419781149427
20949.1680039437
18850.21688240675
20005.487966691675
18950.089171750486
18296.869937046584
18262.2147895603
18618.660234447274
18640.756900109653
21347.95944954249
18946.8098812404
17582.337457720052
18914.075765129033
24493.94687262266
19159.379431116147
18568.352219502198
19731.581654341684
18873.814330552297
19792.19927584578
20105.22284940399
19957.322311422384
22685.910687570242
20101.155114893078
21677.534444302313
19724.09667920897
18004.274257775756
19517.937709459948
22221.611045792943
19294.87093498001
17302.552278826013
19087.573677667315
20844.108141249486
18619.291040857526
16573.271898216393
18998.639133732893
17131.836319630198
18822.65879167193
18433.1206719307
18335.145149547778
19821.836707986055
18407.828567844597
19790.078435347434
18417.495242609606
18034.735808019857
18283.990042441423
21111.441759760124
18000.1200026551
19155.914430065466
18287.217594266705
17970.5706304564
18017.469138691526
16454.78812891363
17876.64209260901
16243.927162432292
17668.126552500515
16178.377202517553
17622.997293891458
