29977.244193896368
28192.651565434433
24585.494751674392
26504.693272917353
24793.912027854167
25202.513877336
23111.61494379499
23166.632902687667
21848.44803491336
22133.275107573503
20757.93687799047
21759.93121659326
21304.91362381988
21453.10713569007
19019.878763276276
20898.57362168123
20320.57636537798
20283.312899823137
18918.187211179993
20201.33284657431
21085.17200354476
20302.176235310802
18909.72759388837
19831.728085288374
19156.284826043255
19832.867741189853
21200.383246722267
19545.017025073015
19455.190745598822
19355.572731290795
19842.87743707892
19040.599855721866
18296.384075113423
19019.735375351425
21148.855439492323
18428.48455342082
17342.771525684275
18488.68087608096
20626.78590817339
18602.552769073496
19128.564037020693
18678.304800883376
19539.554168361814
18744.077950187475
19914.88352905698
18720.420539698403
19814.5884566642
18513.53806091685
19662.260407878824
18748.607042275777
19408.072586640512
18810.225991821335
19466.869923582537
18653.82722143725
19333.086868337494
18464.63472914959
17793.660656726202
18340.571615838144
17763.280391290908
18395.8316018102
19734.627228726284
18269.981944261937
17081.221037844844
17670.502479983315
20567.80140387965
17763.968414713323
16933.341200268296
17726.128813045867
16852.173524775488
17621.271742602767
16554.99318503162
17281.50204176136
17262.197357156012
17191.52626952729
19679.19806894742
17243.337886232206
17638.87970806085
16722.83251899658
15926.982650193399
16982.32745705445
16616.517205035263
17040.99724164022
16691.841781145067
17138.276743930688
17914.11754970602
17182.893866348262
21142.398227539314
17559.500098192028
16964.24548993965
17534.856135646172
19032.928187726095
17633.641780518417
19938.090067370682
17493.3671329443
18318.119912035578
17511.730011246047
17211.06392779986
17441.68057942919
16953.723343678914
17099.75936402178
16956.153779455155
17316.8652872602
19193.586219464134
17265.62952001452
16501.89022285004
17595.712295197573
17960.239958572813
17472.64517041157
17340.367358730837
17567.082344039107
15989.635036919453
17580.972943682096
18024.376551872916
17539.09641278774
17809.148661121693
17238.784590895495
15854.790175280848
17020.40974503833
15990.061322377005
17003.501180139323
16991.879098578636
17111.54226229748
15838.978448097005
17065.638738984777
16770.88896334769
16949.148643300854
16524.253383047235
16732.312532332257
16999.92589230271
16495.505870198846
15154.20885974199
16755.850232827965
16269.865464395094
16853.033984982685
16092.91346571964
16973.48555877092
16558.581191005247
16987.85597442134
15884.91348852065
17017.388208314755
15178.173436118355
17031.528048757245
18443.093938338883
17008.26051341802
17032.08815874431
17093.238218864648
16270.174008011323
17293.63174222849
18280.531893973486
16949.43408510679
16571.765623403055
16856.252916223963
17644.996964699483
17110.827799772647
16936.037900391737
17051.904465941858
17959.266508691428
17012.995989272342
16925.026236019818
16681.564638150565
19135.557987495973
16825.529862779804
18261.065600523423
17230.519021694687
16427.961603708252
16937.03536329827
16326.230624982518
16954.333673730973
18189.664344783472
16916.797517369116
15645.90906348415
17083.134100851006
16529.60996936551
17157.171798850904
16126.195808185033
17172.11684954101
18694.990028918925
16855.897555720287
16887.593465376063
16946.243101787983
17673.055446261194
17193.00898362969
17124.984226005272
17318.762435201403
16384.80847581172
17149.866983878615
15959.242634542506
17184.57734903267
17879.71903555034
17273.9837781814
16078.397696972657
17437.437370318257
17667.126299203523
17203.566115639875
17845.220032416208
17191.72825150195
18127.088057169905
17371.106134540863
18594.098875361327
17320.427310734336
