28922.031142365966
28667.48843901365
25596.62253614005
27181.895584415
24622.793997586385
25824.566838100975
26184.543163953975
24809.861431116336
25887.66036170298
24178.385937124458
22541.50951273068
23060.32381139741
22920.96852238411
21988.030639160104
21436.514534866434
21576.577025198876
20843.314632504076
21265.1045683293
20327.902502621913
21269.0285659683
20455.699266394884
20883.77047202012
20909.250184466677
20920.738083079363
20305.706809954336
21000.663485343288
20331.927049836195
20791.84635245348
21816.43745127121
20628.24894722135
20403.37714527693
19910.608704134323
19475.791783448076
19542.881143205293
19739.139448621245
19148.60438340164
21830.0419304963
18898.717283945505
18870.96277927323
18940.490427897083
20231.12074708504
18888.72755354179
17416.866446611384
18741.29898696439
16976.779357588017
18805.4598519961
17588.34824461037
18873.936611902835
19266.600412848024
18545.407534018206
17339.605510752423
18000.502911036394
16729.37007921567
17883.74440669169
17176.85974776481
17725.593166709285
18487.759893195733
17953.083067078653
19688.761253004177
17653.609678074507
17631.321160921343
17614.68666284511
17312.349577318928
17844.863441097714
18025.182342335665
18017.39734723675
18806.76047407797
17951.637108275845
18812.733054215252
17915.17643469741
16760.240827722337
17969.3126008266
16497.446693304984
17536.329795660757
17100.353167920453
17634.861343114477
15361.015041829054
16815.878774264173
17995.439962491364
16497.293431976483
19373.609991305362
16041.440439463146
17493.463016797854
16342.572012179999
17589.557501917443
16764.080509578365
16481.227143012893
16913.15209152593
16478.04139952024
16917.388608842186
17952.434710600355
17264.656898636476
16452.569431460106
17169.62742868361
15905.417755727776
16896.39407825243
19335.145910745443
17056.815705754867
16245.757809878465
16834.251150442073
15996.00323575779
17052.349147836154
15886.338555808677
16853.354113829668
17650.306336622383
16898.988646001533
17011.833268976967
16913.175701341796
17476.8048934997
17041.825438924567
16187.528991338031
17035.790969332298
17394.377903443434
17644.73049946323
16722.142061491817
17558.830555229775
17351.797982291246
17515.925806511896
16911.72781624476
17511.273521883184
17987.28913358268
17310.480839993594
17041.626850371595
17428.354538857137
17102.44250221835
17529.36686219391
19695.638557596103
17644.793290600293
16272.543727922968
17541.52209191904
16572.19771406669
17683.83094238439
17971.18745198691
17927.587274028847
17097.35637604592
18205.99525443869
20302.579159477802
17641.41881279013
17837.86887500347
17703.972811668187
17495.146812693358
18074.789792196945
18896.469538215755
18055.336559061496
16162.613251783981
18308.468646233126
18057.391765096105
18276.405256282178
17980.548190894384
18447.43839214884
16677.857517750574
18159.58279631032
17840.448541336467
17773.81845279508
20102.060370387244
17599.342587989584
16088.785504999558
17431.445427672577
16624.047456218366
17357.92600363649
17370.04066170758
17560.6329737294
16121.230207049464
17370.783710256026
16970.987751204248
17462.08060665651
18054.62523444208
17510.93806756223
15801.327748557906
17327.37999331014
17103.920967788905
17444.913436708328
16983.108580898665
17579.0742385947
17764.817312070147
17573.919366986865
16946.925867302405
17232.170164515846
18246.099753443996
16999.719668641425
17074.244511076664
16886.670642939247
18792.238008686694
17253.215671980368
17357.183953504413
17215.546800234115
17604.542169295106
17104.56724624314
17247.065476270756
17228.626321959306
18441.799728292048
17103.99397298349
16321.891992030542
16960.506054915753
16628.802758585985
17085.067022154548
16700.475762508475
16964.720350627875
15325.494942790085
16755.135126953362
