30578.26337942717
28624.904353608854
24016.229514761784
26208.134681696654
24748.52129738117
24298.587057906923
21882.634558747155
23050.00828010309
22826.416415341533
22219.672614212297
22909.712762489446
21936.060286908738
23046.78716818696
21536.642916524987
21546.761979609124
21291.42235556839
20558.81140121886
20868.281751056194
19832.39717782406
20839.62137915291
19302.432502891486
19897.504278042972
19122.147690278543
19829.72349549718
19691.669414236676
19634.530358233627
18896.26053617027
19395.240564236956
18014.558757935272
19251.417892960275
18043.655009177593
19212.262864106848
19311.5032086988
18965.058662471645
17325.112932284228
18592.206943049623
18947.396556671007
18742.43181739072
17518.758211505214
18286.35970702414
16698.120038277564
18213.994101767883
17180.599959810555
18463.309026997173
16827.227797755408
18128.19681361042
18819.449700619014
18151.577128715144
16816.794930713473
18043.428046387104
17407.95345665211
18121.379915068504
17048.762744680073
18002.406665973827
20343.352487739387
18151.10080775347
18728.671914509538
17922.091715394323
17730.72514103977
18146.674771325277
16222.92049178215
17916.495110649095
15387.917382804651
17289.780724841286
18695.256663298427
17026.77691390735
16214.99682563924
16745.198417891483
17117.14119739953
17222.868334795574
18045.796744502564
17353.720611655208
16891.403720391252
17104.89445921994
16399.80524456835
17050.42289791893
17072.368980893483
17506.97892929351
16659.425997489045
17303.387728334066
16138.119125614769
17353.537383024282
17750.59611151808
17036.036373168336
18155.31347149163
17356.272283621776
17614.55595231178
17294.34836091577
16771.706951655713
17414.871543635778
16827.386441809747
17821.100161930393
19043.853776127253
17399.179965469542
17428.790680319868
17683.823328421953
16177.924873748996
17590.574305139435
18930.163213821328
17511.16078784677
17807.04751368477
17579.040460454053
16496.263603833977
17577.663935765228
17629.8452342583
17548.52392298634
19342.122755141878
17374.465310880903
17163.30712664479
17254.38729978928
18094.972008183362
17332.506188785817
17229.22382066894
17495.571926421682
16232.698907138882
17191.430284366343
16493.101583156764
17029.295145111202
15724.219563159453
17266.883042311183
17249.782658673168
17224.791198531428
20931.11436603478
17213.664718635573
17114.485004389542
17320.88283635197
18903.76866120091
17288.298298475424
19180.014041723953
17358.477238833606
16898.17332454728
17377.124363403065
16506.915395341053
17494.867404074397
17866.143187935475
17623.949884899415
18148.654790475543
17415.865052063094
17324.377500399652
17670.460953483478
18786.86399283303
17262.59445814586
16628.846405888933
17493.78264047643
16291.42445524509
17170.58617401495
15903.86612865748
17329.500985392922
18778.425946488613
17410.085970194177
16719.350928166892
17412.422888431825
16721.854828098898
17448.907893604606
17043.797017414814
17344.447593329136
16844.06729899542
17465.320896875066
17102.16822663971
17669.025368068615
17103.975090181008
17505.567474670264
17198.629607997766
17506.70141243398
18897.322681323552
17798.298210341098
17155.70789569444
17695.027378376184
17188.55232010941
17602.79848830591
20462.47216907913
17710.230423559897
17330.637598007997
17583.528163201172
18374.42580430708
17779.13566939831
16633.518212745454
17820.209733470238
19179.661001228225
17891.346591761394
17686.933188226263
17539.09627886345
17543.142281021777
17615.097498353847
17248.363169027456
17717.470916057748
19167.36250861527
17821.71870558227
16473.33546652105
17762.79597526856
17600.917799024795
17708.811792185566
16806.301326869427
17786.61556096057
17373.082879155434
17818.629313756617
17206.505352762033
17768.45486561516
17203.32365724883
17512.347055041566
