28114.691388078943
28100.586927064116
27149.269786585464
26350.56932925093
25101.55461273461
25237.950036965703
21612.509081380424
24162.5505821072
21638.454025842286
23191.925539778418
21716.814752051956
22320.13140989202
21445.123696267947
22078.825692017246
20445.91282183324
21820.21348438768
21739.774827554822
21278.77743187864
19471.96704999439
21118.421728206646
20653.479184420106
20825.22124428118
20113.59199545348
20420.918005752075
22231.195311955962
20390.045408333564
21057.604003489723
20066.551953157836
19071.682300278066
19746.4490760302
19292.196179802228
20073.700982784318
19301.920938863783
19738.144065242905
18485.933893563924
19748.004907543596
18827.36552238478
19700.897092599043
18551.037951338978
19602.21572009918
18933.484573573263
19427.83275123862
18505.736832866758
19365.605227799893
18172.9475436208
19238.024224290886
22051.28444416532
19159.448446702536
18465.863550270515
18535.030902739258
17867.58257401397
18621.997344864976
19063.377783832555
18761.29047318535
19227.831344871247
18539.478480679274
18443.304612103966
18700.29852827702
19355.657833110618
18762.132894581915
17881.98403790103
18790.36033963143
18938.633756611594
18712.906343709466
19765.20600848379
18631.577555305495
19942.200916175585
18492.678631738414
18564.221053527755
18721.5244600105
17856.655097760275
18839.82105535023
19203.77520367129
18724.835598465914
19984.475218323252
18789.97249600715
19086.542600068387
18850.57857746723
17356.37136502718
19146.871186035416
20723.097579882295
18885.324166273545
18670.325733301383
18874.207561588144
18763.410529715522
18906.740376227797
17989.21589992216
18742.659982167428
19285.35174817276
18845.476055970328
20409.730718238905
18894.48180514782
19185.6192125172
18711.83201435675
20470.25455179739
18311.081838687565
18336.659181468127
18213.811469198336
16850.03151846168
18190.972059692027
18509.437982607826
17997.866920866545
18509.616183757724
18410.715418729244
16416.5229755057
18169.155483078837
17863.02541381066
17439.509384268003
16982.991890336114
17523.356297692262
17306.40038294612
17566.659274849182
17374.61094242895
17545.610693981995
19097.27863236321
17800.2248330541
16098.121904866806
17549.831350277498
16528.10582332352
17245.30960845586
17452.51209132726
17473.25085328988
18041.065387408562
17603.757853489682
18292.632889059565
17706.007477506006
17166.901706965444
17444.267496536904
17404.6855863696
17385.185370052906
19285.181934765144
17704.00751577155
18386.783449120827
17743.77166191231
18614.543383282144
17492.059637870894
16297.49022055627
17479.27766869631
20657.9160678192
17621.263400623786
18410.59030555329
17607.454082440887
16803.493412665608
17698.14861267883
16733.023099128168
17615.124325176504
16549.067270948093
17179.423087582643
18349.681636503035
17279.812412268213
16820.326933971162
16883.01390461877
17070.326197231807
17230.417369943334
17435.175439353297
17320.779286143614
18013.362303458107
17479.97811934952
18065.526545671477
17520.595419082474
22243.624980302237
17414.123657182146
16964.425019922935
17436.819599498747
17272.378235294476
17753.78283755662
17584.47296432414
17730.3456751245
19301.35397574788
17756.30048866222
16968.42690361476
17822.455581697915
17869.269535903757
17970.399982505503
18822.239780929776
18241.80860198005
19128.48398957478
18348.7508200065
16944.809388466758
18381.14858536235
18550.99370132425
18420.00757317015
17992.74814741959
18283.098403595854
17616.436236378708
18035.953830062776
16560.892519120705
17862.932970207574
17030.997674564904
18075.116486662795
19440.62694575588
18211.136969792442
17013.39761008408
18080.364256903424
15838.352942163338
17469.3800270236
16532.230950586872
17167.178993245714
17278.41011392178
17525.88429266934
