29475.45589296525
29277.566862725558
27285.94271267195
28428.497098609427
28004.31347098229
28204.96901378263
25197.659219745932
26811.507983857522
24319.203919421096
26246.058496347283
24665.281621280727
25001.91577595978
19723.23049726417
23791.01241837754
22599.854323045438
23122.270284515253
23548.918751135796
22832.11388192095
19482.258232710887
21837.46638503914
21736.202571331512
21386.96807631676
19389.140771403687
21417.085678771255
22808.163860252353
21293.565282134907
21548.155927744403
20935.661811176295
17854.313355429673
20106.779426811656
19565.17697538788
19719.830884698735
22045.736061619522
19877.17357364269
18721.279146806657
19606.821085130578
18137.643736398983
19898.87967314817
22638.490805679186
19718.45925018383
17331.449660401668
19710.128512912812
19327.727360196146
19600.924903796244
22959.758049854456
20133.7339419693
17953.96919772799
20353.584447966863
20780.390816429794
19687.491344870952
18433.7684694073
19430.519738345778
17163.37809648882
19057.377964577783
18459.851831405715
19247.517276200713
23535.751342762243
19635.341543384522
18795.01392162825
20346.014786472035
17007.818165859728
20101.72554756525
21235.371105175505
20195.293547989404
19256.410820025492
19941.304102647096
17846.187653199075
19697.61747330535
18026.762785502502
19923.190301254977
20205.630396177614
19688.339276473736
17747.809865406918
19465.03855827528
19790.51857595419
18852.90831441317
18170.90974669757
18990.951983468978
17337.18680842452
19189.749740906354
18095.1676273192
19725.116784537422
17896.730461129377
19653.70052182117
19053.23166899662
19536.432408353052
17629.548884508604
19318.839360469432
17954.76971744494
19255.969949486946
18862.31975666962
19807.436266668403
17593.032317902984
19244.04865496463
18734.987615264876
18833.48066319098
17703.755919690222
18734.286245931944
22104.394728472063
18798.844949238337
20078.305465466303
19368.626330060306
19915.415262021477
19867.269563160105
20948.063231007545
19446.652300316095
18574.607912365867
19700.043392401887
22357.225994579938
20100.01624163679
19071.07908740916
20679.10676235907
21721.76282914484
20496.556704638922
18643.167284077383
20368.749989947133
19026.67602118923
20676.954806267542
17178.129820911374
19415.072284455848
18422.28326075818
18698.974321216425
16860.979328287787
18601.563552244083
20870.037049400395
19013.84101290307
18225.758609816807
19285.637162503743
19074.440965854916
19324.58894224984
17692.640851359898
19402.0808938139
19750.96111046894
18954.42059002759
16593.18098351781
19062.861383826417
20356.254472769255
19134.407480501282
19051.744261626827
19038.2575008793
18001.079035880775
18846.31071331973
17762.075523505428
18583.691684226473
21574.920079822048
19434.682725393133
19491.819952097212
18907.825270308782
17180.076731984147
18452.24792706571
17268.990575055726
18697.34242399468
19475.95687982292
19157.03524063296
19393.106825526706
19140.640303165877
17678.7669688657
19088.174608416695
20645.62047110936
19018.757715500564
19298.81786949135
19231.154317622026
18341.64696953107
19275.58049891656
19527.78024204365
19316.27510075197
18792.42030592496
19302.92626703462
18535.95546635947
18774.513461778122
18254.694831518776
18595.570383568756
17165.287199592436
18554.40553562099
16722.881867269563
17802.575532562594
18303.374674683284
17651.76081109674
17178.345594461378
17955.77492231141
17795.370469052246
18472.509637046533
20512.518588249026
18250.053627489026
20857.22929586912
18774.823425603805
18613.555536197222
18968.015848782383
18316.46138698492
19189.762460693808
20464.291699569723
19562.534796272626
17044.406093064088
19330.962915187978
16815.586582226297
18785.280275165325
20998.235658958863
18498.64057162706
18614.039800115
18472.29656490834
