28851.673570441137
28580.531281677057
24583.70959354674
25959.786832088652
22999.96146990167
24384.538483252647
23097.962423785943
23691.599153638163
22764.21802163842
22721.481003208795
21499.518148654617
21903.646755683934
21650.117821608495
21834.666606319137
21505.53812642143
21712.26941060915
21574.950824343796
21487.320826356718
18845.37850954479
20993.7205529272
21256.890375403127
20705.239163216214
20509.6132391132
20296.11731391215
18546.378712635484
20037.137581754047
19801.571704417907
19782.974843466494
19725.4049426295
19796.444947081414
19020.019554993214
19425.978436977755
19086.820798486482
18836.334582717285
17637.471953390363
18827.040290031353
18309.348386687365
18817.49988909643
17933.313089754953
18710.59001745534
18501.579386074573
18675.222541645075
19749.890210759873
18630.081141960345
19264.298595616587
18650.62088093299
19735.953366844427
18718.327452612593
17509.79199933287
18722.3584855652
17732.093881039094
18851.20837401851
18155.698130430323
18478.1582879107
17161.003063282325
18527.91376872463
17217.939126752102
18320.53431210674
17822.400894837465
18968.07297390606
19151.984208393
18695.477797041105
18127.752915358902
18351.389065564315
17044.275313311504
18334.25632877375
18116.134842800537
18620.75078598132
17746.771641816595
18663.123566440583
17752.617385043595
18396.110935802844
20059.935936873997
18430.6922641368
20117.676904778305
18271.571504711603
16849.14699715511
18107.354810097953
15874.912728351517
17859.160539528
16037.783038005646
17491.981516745283
17713.579321114656
17295.1465954887
17525.766691223584
17202.20025151005
17388.48310924172
17077.485615992697
15667.084804886706
16984.47105276895
16204.172230558534
16974.274839077054
16169.56875041699
16926.606588614537
16700.90670656799
16899.02064983476
16570.690110972868
16603.217153729052
16800.32565414118
16827.597428490604
16620.38549455575
16785.022838762947
15510.970791328216
16659.088720387103
16230.793691934361
16653.344900040036
17751.809505145568
16771.675094541813
16068.357755239549
16856.48550272919
18584.541186330596
16970.032167214227
18065.496216065625
17088.410725066904
16721.631886910236
17239.67366993566
17491.367249220668
17144.88415252564
16606.19884884965
17343.42122515676
17603.071470372168
17669.585079306005
16505.733231025544
17626.82195753213
16985.61815567863
17609.07272343575
15713.09710843747
17569.155847667356
15776.128084718252
17374.7862450841
19559.006917537987
17667.562337260923
16888.889455173845
17387.546748572215
15173.89709086245
17008.48084405164
16747.266894361073
16674.46700295395
16386.794861292972
16928.23974011079
16128.564123991931
17093.90241996856
16806.02757368798
17251.685040533757
17418.211198157667
17310.633625484716
15878.235128043709
17110.27441857907
17278.028580328297
17152.22386992193
18304.09771023392
17400.1670880904
17881.218951185416
17380.8434367515
19391.306557456905
17572.164223301254
17004.001198552774
17334.60344359121
17217.81329377962
17486.39128308732
18443.029262642038
17558.53709772765
17354.374320806903
17438.34042651348
17014.738404491312
17255.60900494771
18322.579310269655
17322.107960904523
17272.69292411122
17144.842441395867
19664.276469189677
17485.39327666233
16685.555592588593
17522.96557863446
18784.54547637581
17304.634707560683
19624.629518190413
17369.141475702607
16841.074956220575
17343.292726946456
17348.371935927848
17366.72866783397
17979.44619310268
17296.193089120257
16961.044925412192
17211.660678978988
15846.19439047594
17246.31547793304
16473.69441382232
17390.548851344323
17761.19053044566
17479.167666401558
16677.77867364535
17953.277736664706
18066.408059462276
18265.77150180736
16717.800361524532
17950.88341260483
17635.181007254032
17991.31258037825
