27210.75138919785
28469.226405200694
25819.107178517046
26850.418097355912
24885.32815855219
25550.050658007054
25175.263798490305
24784.50544862567
22966.510498747324
23932.662094201598
24332.977750961538
23310.814750805785
23977.37466455944
22708.1236211306
23027.539100969923
21848.898455006256
21669.750587992552
21563.2182789469
19295.684634833997
21038.59145459375
19268.512009782404
20357.394022852262
21122.86828609878
20162.66371143159
20691.05286522118
19967.424324300067
20512.783556417893
20031.679399883626
18843.986037098326
20031.264547368206
19032.848512836925
19458.039495134333
20722.082859534632
19421.951452403224
20867.827546239878
19474.18885361536
18082.665983516454
19240.040895583177
18744.433689413574
18891.479962796075
19206.25174297261
18745.585298548125
18758.394408717202
18640.97427599746
20371.40929111234
18915.613333991772
16997.707500562
18959.092221840874
18460.489364083594
18942.5203645906
18606.124494722473
18874.183425864656
17466.476815752518
18430.67208631437
21074.600253348053
18635.56089134441
19232.825983446957
18576.142665775787
18532.926132383895
18337.141259431817
18199.01645322282
18477.194661822206
18538.72748826446
18569.411388091572
17045.718228403148
18484.425514291343
17661.033341725783
18760.91692421646
17671.644224665008
19049.65816243419
20704.87891683041
18681.02540803016
17766.10759935533
18839.938070398217
18295.457589677964
18974.269142793262
19826.565809347154
19017.357297966286
18277.630184793954
18902.451720267894
19131.0875630313
18687.11792978337
17421.265732722295
18805.900567926812
17674.483631939213
18825.979792081213
19672.514066499403
18900.239908490035
18812.154789931188
18895.31676018742
20789.934395192588
18897.1739013117
17957.704812874115
18531.46774501554
17727.212928752015
18628.622492470317
19786.89805566338
18338.4248236181
17380.684959006936
18421.620113271
17262.763036201864
18166.91688742097
17020.43009444246
17790.20286042675
16228.558048613626
18154.622783189603
16007.819602570427
17794.66300553765
16839.817366502943
17754.121492557366
18086.721543136275
17604.003675623906
20426.16848708217
17715.467401322858
18131.47708987214
17838.41907904519
16560.829703095013
17485.20416755681
16714.683174504833
17516.178882542536
16445.420446879136
17727.427469172348
18771.291442153022
17599.80991967482
16224.382638868294
17522.751102148573
18640.62152595462
17660.70356952217
17792.436728692737
17379.72009370554
16224.848331788195
17831.90542634774
16666.685445551142
17743.372359404184
17699.442257094335
17728.818789537123
17616.968421745576
17898.955357329032
16510.0040746747
17257.0564010739
18627.287086089647
17271.793741620873
18359.84219699192
17295.62306634914
18705.12262052971
17269.02944260975
16284.246840610358
17561.716199505685
18548.31961860074
17429.005480730688
17272.408416187154
17481.993180001664
16148.526196758752
17307.579691668558
16062.018311915555
17355.907270156596
18800.950733374404
17787.652247863312
17785.830089670257
17749.58867731301
19044.88150739956
17423.034750997875
16440.667153067207
17069.553369283523
16537.19155473765
17417.2487957447
15742.623683106798
17236.394937151967
17264.126813349903
17341.66437392835
18449.487664382126
17484.844527987923
16823.291184676946
17396.707759542023
16855.770043960463
17460.38764295927
17854.282805946852
17591.318750860897
17694.497795514013
17609.425469085527
16650.344850463178
17568.139779599285
17196.76055189062
17379.270910842795
17705.679291541037
17468.75813639949
18939.00331529117
17198.72940419222
16856.48699125077
17106.112748823307
16181.130763558878
17263.48704941535
17211.61741491062
17441.8897941529
18376.87402847328
17299.59601833289
18923.5535327571
17497.4695912982
18715.309826538058
17517.91786533275
