28913.209499539
29326.132332985104
27582.75071666461
28757.16944375044
26839.75327189571
28373.486954573025
25193.626535979573
27360.94855699252
27013.74960877147
26651.073609392213
25477.941326524844
26403.69317259699
24879.415189405256
25282.50618153857
23743.8070696652
24596.504620268814
23079.99058953787
24148.99383072896
21021.864997275046
23238.008475292943
21422.23757126671
22759.10793825683
19831.830329076136
22795.038414984112
21488.264672767895
22818.284879608076
24287.52580497242
22661.49874975936
22082.91199218583
22452.754270153153
23070.581765925846
22696.93617200007
21463.16134276429
22880.069788533565
20737.50678711251
22320.05225124438
20317.9627260272
22360.612863054816
23873.20914825753
22370.536768238348
22579.16772044896
22633.630137444874
22594.4817236119
22451.827345150396
25245.049531803812
22618.169145226744
21443.66643646851
22100.21701866327
21177.273027313146
22639.493846046276
21904.12744578071
22368.044356226008
21927.510808238334
22553.321378283712
26058.318058889436
22855.31810679932
22983.419540794916
22689.860217197343
24202.58240186814
22951.896977505712
26196.999789343183
23181.71943811279
19623.53239317672
22040.220302577814
19865.655635507796
21326.55094632896
23779.859734344776
21686.18550408533
21551.771076330297
22109.219817987196
22017.44746895823
22089.690142541793
22427.019293313624
21882.260114204568
24422.10574723324
22154.96193636596
21401.985713008547
21658.77394357608
20814.431719540047
21551.613025779086
25105.32483248432
21183.80102879845
20112.045388563853
20983.135659547122
21035.58264143195
20889.4533911475
19292.199963464034
21217.33638536794
21750.77844940617
21812.20343172165
22229.540843255323
22049.895576308547
22833.07593218875
21930.207820815638
22906.988512305197
22148.948756657563
23049.10011830437
22097.68732172366
23162.504651184092
22023.493566238652
22519.370501462414
21916.788421237947
25086.107396312975
22301.585957827996
23765.40496503526
22165.799787369124
25706.76086893199
21635.85113860772
21957.041973495132
21354.311913750484
22522.762617967826
22031.83552058921
22487.81616750876
22343.14735258595
22502.51655974397
22397.44325976791
21454.2406187123
22540.12380118126
19576.676650646736
21552.6078269184
20140.12064743955
21692.181261959846
22656.48089355967
21808.312684860768
19564.07433535373
20900.686790635744
23242.750665873184
21011.834956315626
21857.989041521567
21409.071110360077
21439.097095497782
21568.655226312672
24362.209219530745
22315.25079466562
23450.96685917151
21880.41099645353
23800.387517229366
22348.020665656106
22945.51779102016
22648.37430776448
22720.5483205962
22742.029456782868
22601.318221286172
22661.128935535773
21481.422709600447
21426.13986527527
21222.76441919059
21588.358703832797
20239.136550721643
21860.419970972096
21498.30656821482
21327.518978748038
18974.78761468112
21393.34855325924
22458.192967862902
21084.396338955445
19258.950145176004
20956.105426866252
22690.109578156695
20716.548275754685
20762.76843802411
21001.16472704689
23010.46821382754
20731.611464412417
20363.774570827318
20948.157291475898
21199.268572212724
21858.582608601475
19749.09971676665
22175.92716833826
23125.70423873717
21862.52101775676
21231.516207708388
21841.202765281025
19322.935361650314
22060.34243276105
20700.39326194196
21973.627243229388
24044.670619168926
22632.150230426203
23402.78330933497
22701.709705699297
24526.557126371845
22930.620338894965
24800.055280735276
23181.46609430448
23299.593906439215
22797.26293066343
21853.728995304074
21314.010952650657
21375.90768761335
21132.785167201506
18988.907766435754
21397.601046824242
21752.64875056805
21107.07816457633
21463.118617070366
21052.109163765428
22434.930684997966
21593.149530704006
