30450.197803598272
29464.81501595654
29403.32097956877
28425.842724684175
26583.712652976195
27687.512978237373
28304.27967400677
27116.572577260114
24737.91178159453
26775.953994778058
25281.928525533087
26480.586845922793
24059.75862926731
25043.911778709054
25395.26080160534
24813.790223804004
22999.173087033083
24479.835634446325
22643.015904407395
24109.12956774651
23170.871140852294
24431.92341646529
26225.46659641561
24598.97992202898
24817.04562125581
24038.157233057438
25005.336365098537
23809.85280341457
21710.400908525397
23869.65462574428
21828.940573634078
23929.55007456311
27990.22753259104
24101.80275583903
24366.057709260018
24802.186363405504
23749.039940189883
24564.513152765987
26413.81547474546
24850.04208013045
22372.979654490184
24784.58077541797
26087.55189721129
24782.495983877532
26269.13044707716
24546.92672263103
24233.70065504516
24045.708042262726
20576.9053533428
24071.62098805128
22310.360046197326
23627.568980129654
25016.622652083388
24085.01040071217
24951.41671179554
24113.016452694428
22776.42164653799
23446.53190748205
23610.877591163313
22962.28468764116
21330.278431435767
22825.70569744884
22372.726216225496
22545.697306648988
24765.86374761487
22338.768743344954
22837.529213582133
22296.759584602067
19539.332826002716
22290.217477491737
22300.903750036996
22638.472935150072
22593.82758242574
22224.23152693632
23765.10996633164
21853.956587420747
20321.34149973848
21291.853861568696
22879.292401763247
20867.32097881549
19960.177803584713
20832.877148628202
19003.804800746733
20273.527457471755
21456.917060118507
20542.388021812425
20393.70313225418
20186.518950605077
19206.16196160637
20272.994262292403
21264.407790548386
19894.73295161133
20838.488378649265
19942.994281386986
17890.59078824844
20233.76498703426
21155.750921761402
20328.955421093513
19715.939098554256
20276.44219667796
20782.479016424186
20428.10479253193
20715.663154070477
20273.166960813665
17828.961804863353
20284.050447179176
19228.505440695
20059.812890980946
18154.0471311402
20076.9267262098
18238.117722018585
19622.250489641563
19745.563806456958
19242.421743349973
22489.88483180781
19242.555636197954
19620.91569234432
19377.803296584007
23580.09423991786
19252.88472364054
16755.6638344712
19556.378981382193
20817.882081438285
19485.631500566084
22325.312795623744
19257.5591387294
18452.563217708626
19813.04661672945
21924.571493070103
19832.7493490547
18528.094214109526
19841.049963813846
19442.309862932703
19503.25531928616
20865.850381970726
19720.861550459296
20544.09806730939
20183.87551469348
22885.536149808104
19767.01527182698
17912.994956581337
19891.298670613145
18538.24087277901
19644.911580311877
18520.66311262059
19319.940182858703
16937.985856733394
19373.40326060548
19150.44995821139
19481.586354746047
20982.558604419883
19429.70755586884
18883.531067816697
19683.01660116702
19482.7556905109
20135.834774310148
21318.870825279886
19928.60814160311
19532.801276156228
19546.66338664421
16955.48023158666
19026.083054672563
18060.043023340626
19114.965551079098
19115.10892141026
19172.81451131851
18409.767385335483
19009.475415157172
18895.569290127023
19252.960308040747
19071.73985458004
19412.450791209398
20572.24854235078
19490.36409871406
19297.813641273522
18987.329781379332
18889.563559178976
19620.36918549628
18945.895189841358
19410.591406505773
17730.952660641044
19615.263013073294
20740.276374721416
19710.34809609277
18612.555972083897
19652.15653615481
22204.762550941527
19685.795427640278
18683.72008395448
19436.408813536902
20158.315369752905
19644.809505561072
17979.64590200535
19472.94152062585
22029.6445724002
19524.477647987573
20752.90326700676
19228.07883145817
17278.634085177106
19023.41529579215
