30243.37971082248
28414.450937799633
27753.752668421228
26921.34182608352
24550.174462897503
25181.47742139211
25300.186924040623
24296.216508565587
22899.721335294234
23360.978236463452
23761.51034354649
22620.162897529066
21502.417054874255
22227.434031064768
20930.940734232274
21544.983413480408
20319.64930151453
21166.000593494984
20075.478403511857
20685.836321042498
19456.651938556086
20419.932527973127
21227.21614901964
20396.080190312663
20677.830517092112
20397.17378478639
20027.669291030878
20449.68116677113
21533.254122288057
20535.450856839136
21736.60164126582
20091.739342992823
18937.3383801029
20106.180361337698
19108.64252789015
19998.468806156587
18307.659507918874
19177.75944755631
18078.11332746749
18803.991572958294
17045.320317598973
18596.97874412298
16769.834066496576
18428.830523246063
16656.49002153591
18090.957447789628
16994.29296746587
17635.95389417285
18128.963774629305
17542.550266734328
19315.37273028475
17681.767852105248
18506.14018383679
17807.90454515299
17364.103066587257
17897.4777304424
17542.082880565074
18125.253366873127
16075.867589345353
17926.798997958005
17052.90080138916
17815.32644011261
16816.096093954435
17980.58375194482
18213.564154242922
17687.90533726173
17196.7812957643
17624.036417007606
15932.405520573859
17513.230031031697
16142.381304228837
17181.021076301957
17920.342359641465
17069.144891093085
17167.87239306765
17000.110576601233
16314.781515328215
17195.23608912927
17538.576691359438
17489.264525595652
18778.50720296567
17350.274536402783
17142.51746659677
17383.49875881656
17045.416159134675
17064.160664303447
18151.059627029674
16773.822666552238
16738.707292842624
16870.539931244766
17161.735326354592
16841.652119965194
16110.805574873188
16840.343086196644
15366.794520571306
16705.699571888217
16115.584599183314
16817.75291413956
17114.1387519274
16933.08419182607
17073.365093923232
16800.335970517386
17732.670940597764
16672.54305899363
16491.012834745434
16655.691972512832
15023.789589702925
16615.00643493015
16048.816622655706
16757.108341777275
15870.378526142615
17025.6409951897
15855.289285648463
17038.509900342095
16284.564793246613
16732.425407030867
17583.46652520165
17108.7233541648
17035.71773930511
17085.21537897741
17872.260157665045
17635.686734424075
18918.200454425816
17402.219197630977
18321.98647794943
17764.871387727006
18468.9716084984
18064.831935649476
17848.98069924135
18140.73870528697
18991.639665247567
18063.87721449231
18105.516164988287
17958.036007391922
19220.393383790182
17853.14685118782
18669.139806766223
17801.259159841276
16535.773521579416
17764.604351591264
18415.141177587244
17602.838681086163
18090.860307575276
17541.473854713866
17083.996847130078
17259.284846503495
16487.607097176973
17220.61875601111
17781.532919838097
17394.670604727777
17107.4948396375
17257.781797112762
17104.53693428025
17270.934455604263
16004.43968158317
17262.643912841697
15518.522417470815
17405.96499510725
17547.652654000194
17272.634633111815
15578.040848731172
17017.243980478284
16020.235722228257
17223.247770080077
15956.284535847512
17145.30097228526
16299.192399205283
17346.735669492555
16648.365410186765
17690.22145795519
20716.192813107482
17682.524115270266
17218.931005492712
17763.5624651944
18306.5789121381
17788.741672407778
17643.021404088468
17611.847639456795
16832.170326887695
17798.168601442903
19095.709672393215
17658.955731456117
16068.974876516995
17674.203045452807
16362.810487075782
17630.827765292182
17564.789142307403
17952.194321974675
18364.452250217044
17881.18080913694
16563.663568581716
17823.449043822646
16902.315150439346
17821.71975288911
19393.18138443314
18077.727989371764
19162.861329800333
18080.128452025274
19397.257381558928
18016.989018704193
