28398.367720746694
28431.637518729305
23185.689096876868
26381.727502869857
25740.73627794083
24709.80004889614
23546.109239276666
23988.06562513274
22327.685651106596
23360.101336856256
21832.1070787015
22607.02230855209
21537.629781943357
22006.201559032415
22027.461642300626
21167.74419288839
21114.541560564427
20680.780736196448
21532.826036635717
20494.994136758094
21098.915178866464
20284.89662014156
20494.620358674507
20387.565716740613
20298.01523486167
20345.01259777595
19433.472686743946
20317.449777101032
18563.895624029657
20430.62673546066
20523.787007886633
19859.283498816647
19410.118679688618
19805.219024100148
19510.741411399093
19925.71309765842
20308.36068572204
20007.158623335763
19459.942371077712
20075.280021516166
21245.164357726455
19943.238388855305
19176.139053584026
19672.7524774689
19578.628917362097
19748.262447748522
19762.92533474783
19559.771893840134
20030.881921682518
19588.75329125401
17644.55598845113
19164.660726640344
19500.445574640085
19085.776874492
18484.32458093727
19197.953926101407
18490.501267783464
19078.017181036517
20488.94943959937
19175.040935208825
18091.141718151113
19122.01185616941
16997.507986687266
18963.64886555984
18529.36751921185
18754.63904183496
18242.217404714473
18659.96507800964
20990.156801650344
18765.43556564979
17884.026961162395
18788.153935592036
17369.939140099086
18682.67497324752
17032.013692526798
18382.382188686133
18064.178835363506
18090.924995096328
17807.3829203358
18372.81364426003
17970.432517117904
18296.74282048751
18811.984830552105
18565.721208359268
18252.75092057321
18734.06096340455
22102.034592759323
18686.040254831427
17201.056989739747
18718.86336162272
17928.446097666063
18653.97562885106
19207.107472462
18757.353960089487
18243.201798900795
18705.37920038145
18867.344226957146
19013.240609296037
19376.097748110955
19120.933073350257
18741.336109520984
19123.843643075732
18281.01833234893
19268.279861148836
17444.491459490917
19441.459639328612
17950.003239916183
19181.54286487009
18429.753956190434
19140.362870051562
20442.420460960304
19230.7389793525
18136.2326869882
18920.838658527126
18340.670247839047
19069.61388897273
18374.727361423145
18944.346116076515
15840.53200607833
18879.26971225228
17921.82249616804
18296.63000883056
17306.456847905432
18286.818549447715
17826.073776290064
18069.996523584963
18932.171292878025
17930.6476599453
17458.882117301597
18188.35104099038
18867.12571966183
17980.361149581866
20993.6329021346
18221.887507264946
16882.169891680405
17702.200695988962
16381.542795600453
17872.16547892675
17183.541927916034
18169.380998459277
17265.406366816576
17764.297367049916
16235.87126657945
17761.62406834877
17965.097433992574
17757.17402697917
17261.44843295537
18068.099194682916
19416.788720069875
18312.27758164475
18728.789060065614
18093.910070804253
17510.881047577048
18300.67297600624
18927.309642425145
18176.424863523152
18727.061751787096
18163.872585175777
17796.923229056923
18123.38530859068
16852.363724747156
18270.460788557168
19121.886983026445
18104.80982478098
19614.499734439796
18273.97235562172
18592.957841853226
18328.189157187164
17321.379649854807
18061.46374257315
18544.045707356527
18567.98604266222
16721.40628281525
18310.873682147587
19044.6147138003
17988.002634092936
17145.60529330575
17811.19782298618
18864.82063948321
18119.855915578355
16785.544704430376
18124.83609540673
16818.678793385458
17889.47240191686
16788.652356816645
17889.420853151983
19059.594529602735
17946.72438245282
19484.652665891525
18323.180846980635
17260.12754386277
18402.324370388378
19100.046250079115
18578.025987633766
17622.873517791144
18394.867409410585
16904.980309487953
18112.578701512703
16643.976351253943
17836.463737352977
