28790.37900855794
28681.906348949462
24567.580910868994
26681.713823069334
24452.022076739082
25141.578023779108
24449.871864994966
24407.78165743467
23607.746654519346
23746.567717334783
22109.09980915677
23251.764692221015
21636.916884674232
22451.7955353194
19714.5352279165
21927.714837406915
20381.830100829007
21675.541447047697
19702.899009705077
21162.204040589295
20692.354120062853
20575.320226158634
20729.861111296184
20239.91985235874
20031.113839723344
20313.404057646945
21244.23134883535
19906.13963138099
19005.494243085966
19678.39760533551
19205.11181126743
19588.85977393045
21811.56278596409
19212.183961746687
18546.682523699776
18798.049379706088
18068.844123482766
18862.674461666487
18846.03151613581
18857.037689107696
17954.18740596819
18670.774230688785
19132.438338868233
18426.160383735936
19430.490974472697
18602.769331456195
18323.849434426444
18571.3298645815
19030.547508343177
18126.56607882184
17687.750587887105
17703.136380639862
17062.34369858745
17695.648266827684
17306.072163901525
17470.948230822876
18312.3157437228
17800.757557034533
19410.483402631857
17418.238447986583
18197.184935006113
17835.840370228783
17720.628725577208
17793.257835833927
16428.374813608305
17783.03193080836
18209.592380211627
17793.80906212794
18295.066953907062
17869.197025656948
16094.203488590405
17824.0433278853
18531.879532563897
17839.272895333273
17898.061077803595
17794.62239540744
16733.873366178497
17795.406627312124
17939.19148136044
17618.215930002465
17699.543692869313
17715.400975969806
17965.196126549195
17713.119138868828
16787.449829797148
17701.387412528853
15762.169031348718
17684.09976587764
18016.838766062083
17488.208140212217
16855.161520646856
17420.105304436696
16545.690492156627
17506.962577310347
17824.736200574596
17206.58038910559
16065.331235232294
17071.807176314367
16661.409320210892
17118.57520387823
16105.597234986019
17225.501627634465
16012.614868691546
17445.572211864765
17154.14692852274
17492.299611369857
15404.217324071411
17377.279016367567
15855.51202814403
17412.98202522086
16980.675671194953
17088.90779271065
19532.455465268056
17160.056503269272
16006.14046759528
16855.544821974243
15160.947143365109
16899.011614654086
16407.43513632578
16624.741247110836
15592.21209042082
16696.616090356434
16464.192023055188
16643.758985594533
16425.751332544118
16653.467845693933
16198.383681167223
16444.707800869535
16672.910443683166
16615.657330043723
16559.38614430592
16507.667939193092
15557.915974453048
16774.189721026574
16144.122201761362
16601.54538297953
17396.85623529908
16774.29311234389
16196.637198518816
16904.494259832416
17588.016016213303
16721.00602743909
15459.058964231783
16673.511177038312
15522.335958333042
16358.016216238193
17232.83310978623
16333.696205427868
17310.856558692067
16733.284979595985
16513.77730351942
16396.23995150357
15071.584933565915
16825.86712028453
15281.80905089627
16977.038958919922
16314.399665147379
16683.71015338513
16101.560355022833
16594.472424460702
16752.374942123053
16551.507889196873
16013.809810070117
16875.821590794447
18970.393411735262
16900.59173261773
14934.382463378892
16454.29616051575
16141.907794733208
16293.863791398522
16637.8056823731
16433.143321458705
15310.42536592852
16579.523634439032
16247.755172056639
16100.609220624005
17113.495853082353
16222.884144592665
15004.835566273869
16084.08788934758
15305.235599605348
16246.029592498628
16776.52462416888
16507.277832976502
19332.32601228278
16854.03416648963
16912.485624087873
17161.989545451142
15292.2835067226
17035.138653227255
16307.6651545668
16575.872144855544
17930.48582034872
16689.472842773484
17200.598029914974
16429.020986926513
15429.400172277316
16580.34443469967
15691.177006221478
16281.148060103085
