28381.058235952365
28330.471564226034
24411.910190436112
25528.015857047016
23780.84674275687
24337.396718830274
23073.298472256556
24038.36099982653
22375.23492664515
23195.35697156845
22519.67427560776
22806.20270992585
21918.097903373233
22358.906419849944
21620.75069655196
22050.094653514097
20836.41141953144
21611.770353927408
21658.037197717895
21512.372933719173
20767.90351131093
21426.70110857709
20610.631192179775
20903.794721170703
20092.128970801296
20752.05735247688
21410.633410481852
20516.781668962412
22523.73878925285
20619.61408036294
20047.13014648253
20513.954129369336
19861.00117187758
20265.289971577968
18056.46365689627
19944.076484023764
18393.89919574018
19864.10366098895
18247.66372843983
19317.337092383255
18799.914335855676
19215.47697048589
18673.273020826804
19235.89900634182
18412.8941559054
18759.67440390855
18689.90464605315
18953.533356073483
20419.517285829614
18885.342299099706
18661.63884567848
18869.436154904437
18557.283603464602
18872.2181131408
18183.21378199036
18912.770915787696
18547.10773175513
18889.938138347403
19218.473216123402
18876.72937819494
18585.83023003843
18929.646483431334
18920.01018690657
18965.68909571875
21255.808292863272
19080.635803179986
17568.146512321615
19036.962850775133
17759.87539590138
18708.812866985983
19860.746723118875
18601.116672252083
18885.88979361895
18448.34337997701
17855.035148299932
18404.859012510984
18941.138259084517
18526.759868373087
18813.193607995003
18698.803081946317
17340.43410410383
18357.327662377782
19361.81111183195
17875.432797723868
17774.27108565918
18115.561421587576
16493.33747893465
17772.96252198511
16019.52994119708
17528.46129225693
17373.091342799064
17570.692310957056
17231.554541314043
17392.959137000555
17043.43865946006
17614.738410489314
17455.469677760913
17574.500897956525
17087.05428380826
17193.608946752265
17999.617131521907
17540.602774843508
20683.884887767515
17353.122722161002
17177.575833974486
17512.84973826214
16070.637405981484
17340.096100277748
16517.241969901348
17211.474030679463
21174.910486684243
17309.579703502754
18988.29605219072
17284.23120967955
16212.48382382963
17547.22939578821
18845.413255346415
17533.261389969393
17610.834001451512
17580.06094287629
17809.89369994748
17120.678570305634
17145.418441733265
17501.386507047264
19235.510937820312
17482.019848347463
18610.237889261793
17784.91348562437
16785.890844733294
17620.15034683317
19769.51334567376
17731.12471427745
16265.996472362145
17352.31876077402
16506.718466180366
17436.95201790226
18204.71556560386
17597.23558274722
18165.817490177997
17438.251454277775
19779.595301308855
17580.912909101407
19813.68597737651
17394.45209366114
16636.333188608016
17418.01848604036
17382.12115344237
16878.279576750014
17850.54711030936
17096.31044889973
17532.128333901383
16680.909039487444
18560.23662953732
16493.76484640829
16091.852970199729
16621.933116225013
16053.692444204125
16565.72226829523
17253.159588225288
16754.72299541949
17724.325058694583
16453.50099672006
16357.456559424187
16701.696554195292
17225.53614656861
16499.49071545362
15678.944750893988
16258.835057980667
17727.58556052546
16214.282978009207
17337.832065417304
16261.084427097881
13320.473928877773
15818.76973765152
15290.595492644044
15564.848937034867
16147.658424462119
15964.045270210681
15961.516671985395
15913.106150427366
14414.536863250934
16169.510450149632
15583.003380070144
16225.658496736618
16680.696131515047
16444.97379294454
16949.570216213026
16656.131482857018
15666.272739135346
16507.33334376166
16040.06915208477
16515.975405969188
15599.205480991446
16907.077087717902
17057.879726064442
17101.55057161306
17134.95672207627
16753.927864634046
16495.17281943861
16685.96804889528
