29515.205275683293
29038.37682112661
26747.113634026668
28871.27933910197
25807.3590778539
27303.514329123675
24592.91452693447
25915.71520211776
23143.828152490507
24705.556697622364
24825.950456983068
24096.109746872895
24406.26947049627
23925.496900966176
22858.855343493604
23350.52959956257
23441.738857159064
23690.35113586268
21944.716041438296
22810.342775973968
21875.14417513796
23096.49630210196
25501.773455510218
23132.672734741504
22694.108963689352
22685.45471605341
24333.67664182633
22850.754971980987
21250.430029798677
22604.03854628178
20325.48776973259
22153.947683039107
20918.753592719506
21901.186983905485
21936.546859216025
22348.935987019973
25274.95997456065
22096.834563812437
19788.66914711409
21460.068400283988
23915.36132072589
21832.63469050226
19996.281622692666
22269.16287491394
22386.687292636776
22367.367866251683
21459.2224388653
21869.844853010316
23097.173998768958
21887.63533277853
22582.734049967923
22004.338396905885
24767.725159648664
22197.933565884447
23180.70500131862
22466.26153800648
20726.716188425922
22435.40814977825
19313.046368858988
21970.529619049936
20990.06500211561
21176.171610563266
24000.150691762654
20967.468396354216
19645.910242351296
20758.150235537185
20344.69914389145
20380.32464884744
18716.087374798582
20141.141883588192
20501.300436462225
19677.66686295927
21726.458345438976
19752.015808127147
19326.1537478953
19977.720308991087
20821.35536857446
20050.06356355063
22199.002000308315
20201.63389306774
19522.808757308103
20107.368575760618
18991.474701730134
20111.148478017807
21373.035705824892
20379.11915949167
19315.215207331963
20104.565126177087
19091.674038875444
19904.05790159489
20382.283527930147
20104.189190994584
23272.598350651846
20597.711870530027
19367.59843978047
21036.414244876898
20718.83376172304
21547.203745454295
20792.75320614525
21474.315414849883
20696.700534591666
20863.04750298414
20496.916424886316
20810.982947064607
19897.13918383529
20608.219428642697
20545.931310612938
20112.431241411636
18561.836101598576
19867.14151906758
19408.82904781347
20385.440727767258
21882.91520201945
20953.987105690558
20674.964193253727
21434.065428252394
19889.78220733428
21499.185808340135
21962.662644212312
21429.91007174503
23077.461148977298
21719.350914511793
20861.12204903375
21953.838593777225
20143.330260653307
21938.10686458922
20910.658867918704
22484.900490067655
21902.838250154004
21795.65005592067
18894.497975682865
21198.278596577
23054.65143444682
21041.45711207786
19944.38664378022
20832.795201204906
21065.128645825316
20989.771187488626
19119.04544830965
20876.733872912537
18502.853950180746
20995.391954223156
18386.460159425176
20833.17042607219
22211.95029642393
21132.4241192129
18188.601174034182
20718.34197883922
20841.118809884676
20936.334367696316
19934.87630043549
20386.725533951238
20344.844540381193
20347.640637194403
19028.678035899975
20319.68451531761
18379.428999077812
19790.779141497904
22074.241923231308
20067.580081702225
21283.058204605855
19546.94366386886
19308.776308664823
19574.640635841122
22448.94783275307
19791.058085410434
20974.181556824085
19735.736997561446
19796.118329746776
20042.954093588512
21136.367391932854
20152.683141515845
23542.051854927653
20321.90371003967
19476.10114286533
19867.862969030193
17422.657961473295
19393.507040508972
18760.2421682997
19374.120109332143
16835.164046219183
19009.3459332767
19665.625270005523
18801.805025772064
17945.826941106592
18686.202296181174
18478.156258789873
18982.969072596832
17366.068459008417
19064.286409101132
20531.523412611816
19141.103148860526
18752.430104793184
19112.964874239755
17746.77375218815
19513.874573758825
21594.32885690128
19053.189279304504
18082.686955608315
18743.36506014805
