30653.17007081333
28424.86193621054
24616.58959413649
26518.043145191754
25878.69140552692
25832.262076527513
24215.560331950495
24983.939878832156
23667.397366526908
23918.576831250022
22198.59255977387
23025.80198449738
24638.450266941923
22648.402049806762
21173.44939941842
22139.02182665336
20378.528248617047
21462.75865789998
21766.3546115832
21254.26774845207
21666.479612540712
21263.756936111076
22422.88106824953
21001.298558802555
20792.916323376023
20744.97305480169
20089.722373242297
20486.556380698818
19496.31936705179
20149.001440857126
19250.527659448828
19611.521064927885
20233.35664876875
19577.413046533795
19071.783158364902
19674.29787030953
20267.438590701156
19619.10419709943
21627.893435898142
19492.28956113195
18460.449518688718
19377.40468844721
18474.529441941937
19226.508586840035
18420.69123105857
19171.9048457552
19141.501849461038
19007.475074680533
18246.561959204377
19086.075806379406
19727.019139486878
18928.061599356817
17621.782697122922
18934.029309127145
18163.565724288925
18733.81752427009
17731.225051689547
18548.246971068176
17284.938907709427
18174.884615219195
16519.13523945509
17683.081588936766
17531.243158185443
17900.271514475025
17680.243054923685
17924.46892307045
19431.29409735084
17812.51735312279
17088.371388668995
17785.511257569866
15722.047440215563
18035.175968788535
16811.34075988223
17397.708940170436
16324.134537893013
17425.48105683859
16229.876917979675
17353.772441117162
16167.452302939319
17172.87646529415
15335.998438474064
17139.101520282224
16567.529044401945
16937.37615690503
15478.571679530227
16613.979866511385
16757.29088187061
16564.423811501998
16389.056619045205
16501.035699392487
15038.29122734302
16629.33236300094
16747.24542526569
16452.307279526856
16213.10529017316
16599.127847959848
17561.832045399504
17143.4156194865
18084.344961960127
17160.535044518158
16852.663213425716
16881.026595236803
17546.757190417717
16857.338299847255
16276.684196063683
16735.70181156625
18862.47274682887
16678.08769122103
18478.19619012698
16740.430328073806
16956.991819194318
16797.218643509437
15277.738795232348
16611.545059508364
17871.83224552731
16784.986570420802
15694.24618041239
16731.351070772842
17217.03550694475
16782.334384373826
15860.921307582243
16842.179536303905
15789.083695825637
16728.800513961174
15612.060452311152
16846.372580842137
16238.130466744587
16783.99278955858
15733.497410541979
16884.41530304543
17515.972496197413
16845.937611246445
17773.996507042168
17172.92900617337
14969.9639809208
16853.342881109398
15984.05649847892
16833.76086145245
16501.56172393949
16681.92027216574
16833.683378342892
16334.498442962582
17116.592570116416
16245.068559286454
17011.59762533607
16638.42168131043
15140.847416117573
16610.53648494913
15421.71424414616
16373.649786097294
18582.251645759257
16723.071655837342
15559.812309366054
16303.54448790231
16888.774716485612
15994.778234387122
19114.959577316284
16237.806175016714
18595.82004253596
16305.667963916014
17364.759219775264
16692.698830320518
15592.926554043795
16720.80549319576
14663.000509073634
16451.355299254094
17198.153706323665
16854.416526998953
15608.188136546974
16842.275024616807
17822.90779434736
16888.532402720026
17688.90366360947
16931.458691685402
16462.821509008714
16769.361175038182
15571.083604186086
16851.934814577544
16274.858323059818
16615.9871003124
15773.205478321848
16593.768063122887
17440.44088617487
16746.680321360574
17576.57727320918
16561.714432016794
17352.95535084141
16751.206099847135
15820.287943730546
16372.560304094748
17698.207439220107
16272.739086061272
15619.529382726996
16308.573541692942
18658.769425353617
16408.354918724486
16165.898438729928
16347.715449159206
16127.859024558324
16615.278500149772
