30208.264761160044
28428.390531324094
25729.16141689151
27180.266070072004
25523.19091860254
25617.88818293368
24768.49033239762
24610.328455641564
24628.53212120202
23756.04493479852
22058.44735178837
22618.926559510106
21045.37690265103
21871.23622758492
22382.622775025924
21415.11932892371
21259.391123511345
21114.358000571785
21308.276739014127
20763.20112152601
20042.83342741522
20705.36950485022
19935.108895466496
20316.41684356699
19800.703598879125
20267.160024593064
19739.438365446927
20297.305286406263
22180.57639740262
20009.561940396674
19157.62294568728
19681.079816162983
20640.815732950934
19597.727675492635
20431.48950575151
19593.028896246007
21853.761458852157
19590.14064690363
19412.298840319465
19484.082744107818
20789.50144308384
19294.502799395905
18625.255431600817
18998.342404789855
18005.08582703334
18819.447091263177
18467.25384478631
18646.608609642066
17851.174600839222
18596.918317577827
18578.279822152348
18654.873147375023
19426.694967949396
18669.392576376813
17423.767244573355
18271.154171361166
19619.236138608358
18456.466410525718
17725.942904784126
18733.064996705878
19343.238606044073
18829.595380947878
17678.978416626767
18494.31539752151
17569.466852564023
18372.24269819838
17534.681565536044
18541.665139065728
17813.582749902343
18416.88572636353
18870.364533383272
18452.229769501017
17360.10493662381
17941.689000781927
19425.288911899886
17732.306017888117
16094.979307032294
17502.598623619186
16866.747722394095
17416.616001099108
16899.841911650397
17531.587866322756
18106.29052978874
17788.1712497795
17266.493939677723
17804.619312351337
16977.24775805852
17892.160439761396
19907.085648051212
18077.164034745514
17682.839877306702
17761.375847556348
18387.832708946567
18112.069242397964
17345.572762576754
17960.99308275811
19050.262558515435
17876.594430715006
17514.93221591249
17597.346178291766
17434.11746030488
17698.81912439438
16832.108769062655
18074.150992301817
16438.883866422064
17839.479843577046
16662.880949559643
17757.335495277268
16243.460912118035
17483.6138545711
17945.581297297314
17655.788985174728
17811.33049166163
17102.812964963632
16106.477604194228
17075.05794548992
17067.024849625082
17462.82272610003
16922.13224076136
17584.023572983853
16465.578666617872
17977.352876218218
18066.12344796955
17598.734161043587
17106.193380982215
17686.578776946793
18879.090524210962
17245.049964052174
17739.345514742225
17300.800770317426
17027.094712084276
17496.43582861839
18429.33758026406
17315.06420665609
17633.513512860263
16946.829505681006
15578.965633721555
17009.87286007181
14578.944994984708
16929.61044162878
17117.92803367284
16748.15055298852
14910.822774851733
16866.131760430973
14468.998740276671
16383.01352847606
15184.032453285914
16462.033591510724
16311.834866633439
16540.680414760533
16752.485069986655
16444.150661170563
15216.70415136587
16198.430877800247
15672.790125539283
16293.560207502365
16143.731970005274
16569.364008038512
16294.939472986842
16637.794671364783
15214.894872102093
16571.04647352097
16875.830336028233
16957.63012085792
16535.540213498858
16764.454406137025
17560.604700184405
16822.74660825881
17409.261217395262
16571.275060635704
15140.651062739758
16745.44028511771
17524.642196842804
16518.91597301064
15182.618963264624
16351.122332952817
15622.922682790255
16269.337504220317
19592.126535120387
16415.753960966096
18062.348629760854
16610.609710625118
18054.6102119385
16474.86892665339
15591.498022157402
16598.09176687002
16725.84025568748
16298.344145463472
16786.86678734062
16361.858053269854
16803.49187942642
16391.267753071836
15543.260001602406
16402.78977233964
13846.19783455604
16185.721778865769
13817.005545513168
16045.563253727503
14538.914956783812
16046.546942380906
