29816.739930972813
28564.17292394525
26705.119019146423
26289.535768265298
24274.710667663654
24613.00289188738
23297.568479675167
23618.524581544727
24243.136945047834
23176.19334551769
21744.07779122926
22758.64795040227
23580.306541949918
22533.715659751928
22314.775341330613
22082.065658669257
20685.697279041007
21569.44567865991
21648.121776235286
21259.181328194132
21495.369324221298
20895.636806339247
19568.673622550188
20536.758658245344
23404.937253100838
20613.821601434534
19340.63074419481
20265.901586008236
20841.383278836878
20206.769118239426
19077.382771610974
20158.853114644964
18435.06875975094
19721.434548237885
19324.440934923143
19723.658208054374
19076.778685233876
19418.779668874766
20743.31302552487
19539.33035445993
20077.614389187813
19213.836731642637
20097.589673997933
19498.963012950007
20464.69560834908
19458.657941617817
19093.669386802772
19545.578769327512
20760.343142790705
19350.28485336341
17454.48842089954
19067.45684967872
18619.328347395174
18924.837913015694
17973.551276717466
18780.26705339854
20581.100819079536
18252.584543433633
18174.924522334397
17814.735525437907
16217.801769644373
17506.66095607112
16215.468919146033
17436.69730360957
16607.468086268153
17557.22958752789
21197.933320218137
17756.697572625395
16864.9306900575
17492.912687806805
18428.092962677132
16866.216658974703
17998.899146248084
17059.00571124638
17727.752804464177
16941.791131056718
16549.21989183987
16690.0298142633
15098.43328258517
16723.5847156634
18615.37355360401
16564.74035583156
16725.106410559863
16253.64113058283
15432.863543759415
16386.854711424396
17483.113070643416
16423.499956721702
15778.058448319196
16473.88909042361
15668.266594044007
16284.159475181657
18169.488188387808
16636.66229137118
19163.53874212833
16630.638459878548
19789.635411792933
16762.152382539654
17165.083610487152
16601.294013476912
16578.59326510927
16792.322437653427
15540.649973810658
16855.53208236502
16074.735261392625
16775.537429733387
15627.197568208476
16406.574634246816
16404.69353290455
16656.650908238742
16153.126236572398
16926.333703834225
15980.65421895103
16510.60766699267
14950.348465915333
16781.134075521306
18543.0940910733
16947.180819840243
15206.342322075552
16644.053040006493
16468.372761766757
16874.004772182616
16256.465928966092
16836.68905263062
16256.460421496451
16369.622624282501
15742.31783660271
16384.19890671609
16138.332316518607
16306.08053224985
16333.208775695137
16861.00576564003
15907.140871749627
16704.003137543386
17073.14667848017
17188.49063817985
16611.32467421962
17393.160938140332
17176.70659158959
17432.40788064479
17260.670118103255
17417.407362427617
19685.605990955544
17480.78954685288
16884.018170383537
17628.095160395867
17508.614282457023
17269.412462353503
16548.094391128663
17110.7030674258
19320.508805626723
17063.489189379838
16185.176135130678
17067.991801118333
16248.249579818556
17160.44564729232
16387.137116643786
17196.996657018473
16164.1759923959
16963.03885530885
16980.343204558296
17052.793049200383
16944.94671217554
16984.399907676423
17068.57330788433
17146.511485549003
17200.55734091401
17138.91515693543
17277.215433390033
17206.17645090029
16278.547219956727
16811.557685197506
15876.43714651211
16675.066241983463
17485.925000467887
16938.499766090492
18075.4694147344
16920.44160007069
17056.106821912403
16550.515018784314
17537.868056877614
16628.78316152909
15543.148228065886
16544.631464405436
15746.735052264274
16406.779494470855
18993.634109223913
16263.40993609727
15565.534990193568
16200.047596872128
15192.69904000024
16507.419950996093
15981.614388752276
16441.64617575694
15753.64638686904
16409.96544751591
16953.212870021456
16596.6091708211
17764.122554518384
16863.898037616673
